
# Context 1

platestime<-c(150,200,200,300,450,500)
platesmassloss<-c(0.8,1.2,1.4,1.7,2.6,2.5)

# Context 2

1.9,18/30
2.6,41/30
2.6,41/30
2.4,34/30
2.6,40/30
2.5,36/30
1.3,13/30
2.0,35/30
2.30,33/30
2.60,52/30
4.00,72/30
2.50,44/30
1.10,12/30
2.80,51/30
3.40,55/30
3.30,57/30
4.70,78/30
3.10,49/30
1.80,18/30
1.80,18/30
3.50,58/30
4.00,61/30

1.9,18/30
2.6,41/30
2.6,41/30
2.4,34/30
2.6,40/30
2.5,36/30
1.3,13/30
2.0,35/30
2.30,33/30
2.60,52/30
4.00,72/30
2.50,44/30
1.10,12/30
2.80,51/30
3.40,55/30
3.30,57/30
4.70,78/30
3.10,49/30
1.80,18/30
1.80,18/30
3.50,58/30
4.00,61/30
